dk 32
-1125433357 10111100111010110011111111110011
189963077 00001011010100101001101101000101
-558538306 11011110101101010110000110111110
446333168 00011010100110101000000011110000
539964595 00100000001011110011010010110011
-1866039340 10010000110001100111111111010100
-2090927554 10000011010111101111101000111110
1449418672 01010110011001000101111110110000
-1033566638 11000010011001010000011001010010
-1141039833 10111011111111010001110100100111
2128778359 01111110111000101001010001110111
-127717262 11111000011000110011000001110010
1445090930 01010110001000100101011001110010
-101562195 11111001111100100100100010101101
597293116 00100011100110011111100000111100
-1500591032 10100110100011101100110001001000
579222117 00100010100001100011101001100101
1580742558 01011110001110000011011110011110
99562541 00000101111011110011010000101101
1036168833 00111101110000101010111010000001
736206681 00101011111000011001111101011001
-1872470714 10010000011001000101110101000110
1109090463 01000010000110110110000010011111
391269730 00010111010100100100110101100010
-853548903 11001101000111111110000010011001
-2014289189 10000111111100000110001011011011
1569927529 01011101100100110011000101101001
-117041772 11111001000001100001010110010100
939841598 00111000000001001101100000111110
1626988589 01100000111110011110000000101101
919679130 00110110110100010011000010011010
1808605006 01101011110011010001111101001110
-451128744 11100101000111000101001001011000
1292393331 01001101000010000101101101110011
-237850753 11110001110100101010111101111111
1870830725 01101111100000101001110010000101
1627219916 01100000111111010110011111001100
-1728920574 10011000111100101100010000000010
-1563501840 10100010110011101101101011110000
-1215531831 10110111100011000111010011001001
1999221974 01110111001010011011010011010110
-274182695 11101111101010000100110111011001
543950268 00100000011011000000010110111100
-854585970 11001101000100000000110110001110
31108379 00000001110110101010110100011011
-490200685 11100010110010000010000110010011
-640334574 11011001110101010100010100010010
365390510 00010101110001110110101010101110
361858696 00010101100100011000011010001000
1736033387 01100111011110011100010001101011
781607326 00101110100101100110000110011110
1842307329 01101101110011110110000100000001
1530728777 01011011001111010001000101001001
2108784468 01111101101100010111111101010100
735614263 00101011110110001001010100110111
-1446976105 10101001110000001110010110010111
1548926411 01011100010100101011110111001011
1995583314 01110110111100100010111101010010
1738156019 01100111100110100010011111110011
296814468 00010001101100010000011110000100
918337109 00110110101111001011011001010101
-1240708747 10110110000011000100100101110101
1424245216 01010100111001000100000111100000
315819049 00010010110100110000010000101001
-923600668 11001000111100101111100011100100
-1874922544 10010000001111101111001111010000
1520171413 01011010100110111111100110010101
2103700816 01111101011000111110110101010000
-1767301332 10010110101010010001111100101100
1291047075 01001100111100111101000010100011
-384563523 11101001000101000000011010111101
-1499951295 10100110100110001000111101000001
-885230354 11001011001111000111010011101110
1154452366 01000100110011111000101110001110
1601022180 01011111011011011010100011100100
-1957688780 10001011010100000000101000110100
491913465 00011101010100100000000011111001
-1954466771 10001011100000010011010000101101
938194707 00110111111010111011011100010011
-726046414 11010100101110010110100100110010
1635975838 01100001100000110000001010011110
2064314857 01111011000010101111000111101001
23280328 00000001011000110011101011001000
2141079618 01111111100111100100100001000010
-817460895 11001111010001101000100101100001
-1816896988 10010011101101000101101000100100
428478002 00011001100010100000111000110010
-2012717185 10001000000010000101111101111111
-1299722144 10110010100001111101000001100000
-395411286 11101000011011101000000010101010
474452681 00011100010001111001001011001001
-1476614089 10100111111111001010100000110111
-1965223168 10001010110111010001001100000000
1579598923 01011110001001101100010001001011
-799591828 11010000010101110011001001101100
1969927237 01110101011010101011010001000101
1703640188 01100101100010110111110001111100
-524891219 11100000101101101100101110101101
-170039332 11110101110111010110011111011100
86212813 00000101001000111000000011001101
