-524.070746 -1000001100.0001 -524.062500 0.008246
88.458451 1011000.0111 88.437500 0.020951
-260.089667 -100000100.0001 -260.062500 0.027167
207.840077 11001111.1101 207.812500 0.027577
251.440608 11111011.0111 251.437500 0.003108
-868.942282 -1101100100.1111 -868.937500 0.004782
-973.664017 -1111001101.1011 -973.687500 0.023483
674.938164 1010100010.1111 674.937500 0.000664
-481.291971 -111100001.0101 -481.312500 0.020529
-531.338078 -1000010011.0101 -531.312500 0.025578
991.289671 1111011111.0101 991.312500 0.022829
-59.472985 -111011.1000 -59.500000 0.027015
672.922903 1010100000.1111 672.937500 0.014597
-47.293583 -101111.0101 -47.312500 0.018917
278.136281 100010110.0010 278.125000 0.011281
-698.767152 -1010111010.1100 -698.750000 0.017152
269.721317 100001101.1100 269.750000 0.028683
736.090614 1011100000.0001 736.062500 0.028114
46.362421 101110.0110 46.375000 0.012579
482.503712 111100010.1000 482.500000 0.003712
342.822951 101010110.1101 342.812500 0.010451
-871.937124 -1101100111.1111 -871.937500 0.000376
516.460493 1000000100.0111 516.437500 0.022993
182.199166 10110110.0011 182.187500 0.011666
-397.464681 -110001101.0111 -397.437500 0.027181
-937.976497 -1110101010.0000 -938.000000 0.023503
731.054474 1011011011.0001 731.062500 0.008026
-54.501823 -110110.1000 -54.500000 0.001823
437.647848 110110101.1010 437.625000 0.022848
757.625601 1011110101.1010 757.625000 0.000601
428.258967 110101100.0100 428.250000 0.008967
842.197335 1101001010.0011 842.187500 0.009835
-210.073192 -11010010.0001 -210.062500 0.010692
601.817542 1001011001.1101 601.812500 0.005042
-110.757888 -1101110.1100 -110.750000 0.007888
871.173443 1101100111.0011 871.187500 0.014057
757.733321 1011110101.1100 757.750000 0.016679
-805.091381 -1100100101.0001 -805.062500 0.028881
-728.062280 -1011011000.0001 -728.062500 0.000220
-566.026118 -1000110110.0000 -566.000000 0.026118
930.960278 1110100010.1111 930.937500 0.022778
-127.676267 -1111111.1011 -127.687500 0.011233
253.296582 11111101.0101 253.312500 0.015918
-397.947603 -110001101.1111 -397.937500 0.010103
14.485968 1110.1000 14.500000 0.014032
-228.267482 -11100100.0100 -228.250000 0.017482
-298.179022 -100101010.0011 -298.187500 0.008478
170.148215 10101010.0010 170.125000 0.023215
168.503586 10101000.1000 168.500000 0.003586
808.403542 1100101000.0110 808.375000 0.028542
363.964273 101101011.1111 363.937500 0.026773
857.891202 1101011001.1110 857.875000 0.016202
712.801133 1011001000.1101 712.812500 0.011367
981.979290 1111010110.0000 982.000000 0.020710
342.547084 101010110.1001 342.562500 0.015416
-673.800756 -1010100001.1101 -673.812500 0.011744
721.275066 1011010001.0100 721.250000 0.025066
929.265895 1110100001.0100 929.250000 0.015895
809.391969 1100101001.0110 809.375000 0.016969
138.215007 10001010.0011 138.187500 0.027507
427.634040 110101011.1010 427.625000 0.009040
-577.750033 -1001000001.1100 -577.750000 0.000033
663.215861 1010010111.0011 663.187500 0.028361
147.064705 10010011.0001 147.062500 0.002205
-430.085076 -110101110.0001 -430.062500 0.022576
-873.078846 -1101101001.0001 -873.062500 0.016346
707.884977 1011000011.1110 707.875000 0.009977
979.612030 1111010011.1010 979.625000 0.012970
-822.963814 -1100110110.1111 -822.937500 0.026314
601.190643 1001011001.0011 601.187500 0.003143
-179.076345 -10110011.0001 -179.062500 0.013845
-698.469251 -1010111010.1000 -698.500000 0.030749
-412.217506 -110011100.0011 -412.187500 0.030006
537.583775 1000011001.1001 537.562500 0.021275
745.534049 1011101001.1001 745.562500 0.028451
-911.619878 -1110001111.1010 -911.625000 0.005122
229.065057 11100101.0001 229.062500 0.002557
-910.119513 -1110001110.0010 -910.125000 0.005487
436.880955 110110100.1110 436.875000 0.005955
-338.091708 -101010010.0001 -338.062500 0.029208
761.810614 1011111001.1101 761.812500 0.001886
961.271514 1111000001.0100 961.250000 0.021514
10.840747 1010.1101 10.812500 0.028247
997.017891 1111100101.0000 997.000000 0.017891
-380.659893 -101111100.1011 -380.687500 0.027607
-846.058591 -1101001110.0001 -846.062500 0.003909
199.525618 11000111.1000 199.500000 0.025618
-937.244476 -1110101001.0100 -937.250000 0.005524
-605.230287 -1001011101.0100 -605.250000 0.019713
-184.127729 -10111000.0010 -184.125000 0.002729
220.934246 11011100.1111 220.937500 0.003254
-687.602018 -1010101111.1010 -687.625000 0.022982
-915.128351 -1110010011.0010 -915.125000 0.003351
735.558068 1011011111.1001 735.562500 0.004432
-372.338960 -101110100.0101 -372.312500 0.026460
917.318853 1110010101.0101 917.312500 0.006353
793.319283 1100011001.0101 793.312500 0.006783
-244.421521 -11110100.0111 -244.437500 0.015979
-79.180734 -1001111.0011 -79.187500 0.006766
40.145969 101000.0010 40.125000 0.020969
